#clients, setup, encryption, function key generation, decryption -- time in millisec

DiffPIPE_attr5 = [
5, 12.5,1,32.5,103; 
10, 26.75,1.75,59,272.5; 
20, 535,1.6666666666666667,129.66666666666666,942.6666666666666; 
25, 96.25,1,168,501; 
];

DiffPIPE_attr10 = [
5, 41.666666666666664,5.333333333333333,48.666666666666664,154; 
10, 77,2.25,91.5,284.5; 
20, 214.5,2,181.5,538.75; 
25, 224,2,226,659.5; 
];

DiffPIPE_attr20 = [
5, 171.75,4.5,83.5,233.75; 
10, 474,6.666666666666667,149,539.6666666666666; 
20, 1418.75,5.25,337.75,969.75; 
25, 923.5,4.25,365.25,1154.5; 
];

DiffPIPE_attr25 = [
5, 692,5.25,101.5,288; 
10, 816.75,7,193,615; 
20, 1618,5,474.25,1283.5; 
25, 2167.25,7.5,587.75,2033; 
];

