#clients, setup, encryption, function key generation, decryption -- time in millisec

noisyDOT_attr5 = [
5, 46.333333333333336,2.3333333333333335,44,141.33333333333334; 
10, 372.25,1.75,88,260.5; 
20, 314.5,2.5,156.5,502.75; 
25, 185.25,2.5,193.75,676.25; 
];

noisyDOT_attr10 = [
5, 138.5,4.25,70.75,214.75; 
10, 258.5,3.25,127,429.75; 
20, 610,4.25,266.75,899; 
25, 607.5,3.5,356,1079.25; 
];

noisyDOT_attr20 = [
5, 837.25,10.75,118,413.5; 
10, 1197.75,8,250.75,781.5; 
20, 3609,8,554,1950.6666666666667; 
25, 2662.25,7.5,634.75,2119; 
];

noisyDOT_attr25 = [
5, 1317.75,9.75,142.75,723.5; 
10, 2106.25,10,371.75,1025.75; 
20, 6743.25,9,781.5,3170.25; 
25, 6211,14.25,1025.75,3810; 
];

