#clients, setup, encryption, function key generation, decryption -- time in millisec

DiffPIPE_attr5 = [
5, 13.666666666666666,4.666666666666667,40.666666666666664,126.33333333333333; 
10, 25.666666666666668,1.3333333333333333,66.66666666666667,198; 
20, 97,2,198.33333333333334,447.3333333333333; 
30, 144.66666666666666,2,285,702; 
];

DiffPIPE_attr10 = [
5, 76.66666666666667,2.6666666666666665,57,156.66666666666666; 
10, 59,4,87.5,257.5; 
20, 119.33333333333333,2.6666666666666665,166.33333333333334,517.3333333333334; 
30, 205,2.6666666666666665,242.66666666666666,794; 
];

DiffPIPE_attr20 = [
5, 115.33333333333333,4.666666666666667,81.33333333333333,232.33333333333334; 
