#clients, setup, encryption, function key generation, decryption -- time in millisec

noisyDOT_attr5 = [
5, 31.666666666666668,2.6666666666666665,44,141.66666666666666; 
10, 70.33333333333333,2.3333333333333335,91,270.3333333333333; 
20, 202.33333333333334,2,232.66666666666666,920; 
30, 257.3333333333333,3,323.3333333333333,1082; 
];

noisyDOT_attr10 = [
5, 96.66666666666667,3.6666666666666665,89.33333333333333,274.3333333333333; 
10, 252.33333333333334,3.6666666666666665,150.33333333333334,516.3333333333334; 
20, 364,6,232,804; 
30, 666,3.5,405.5,1192; 
];

noisyDOT_attr20 = [
5, 890.5,6.5,109,348; 
